list(N=452
,O=c(0, 2, 1, 2, 2, 0, 1, 0, 2, 0, 1, 3, 0, 0, 1, 1, 0, 0, 0, 0, 
0, 0, 0, 0, 1, 0, 1, 3, 0, 0, 4, 1, 5, 0, 2, 2, 0, 2, 1, 1, 1, 
3, 1, 0, 5, 1, 3, 4, 4, 0, 1, 7, 0, 0, 1, 1, 1, 0, 0, 0, 2, 3, 
0, 1, 0, 5, 0, 0, 2, 1, 2, 1, 1, 3, 2, 2, 0, 0, 1, 1, 2, 1, 1, 
0, 2, 4, 2, 1, 1, 0, 1, 0, 1, 2, 3, 1, 1, 0, 2, 5, 2, 3, 2, 2, 
1, 4, 4, 2, 4, 2, 4, 1, 2, 3, 1, 1, 2, 0, 3, 1, 2, 1, 1, 0, 2, 
0, 3, 1, 2, 4, 0, 0, 6, 2, 3, 1, 1, 0, 5, 4, 1, 1, 2, 0, 3, 2, 
3, 3, 5, 1, 1, 0, 2, 1, 0, 8, 2, 5, 4, 3, 0, 1, 3, 0, 0, 0, 2, 
2, 1, 3, 1, 2, 5, 2, 2, 1, 1, 3, 1, 1, 0, 2, 1, 1, 0, 1, 0, 2, 
3, 0, 1, 2, 6, 2, 1, 1, 0, 0, 3, 4, 1, 1, 3, 0, 8, 1, 3, 0, 7, 
1, 1, 1, 0, 0, 0, 1, 0, 2, 0, 4, 0, 1, 3, 1, 0, 2, 4, 5, 6, 0, 
0, 0, 4, 1, 0, 0, 0, 0, 1, 4, 0, 0, 0, 1, 0, 4, 0, 0, 0, 2, 1, 
0, 1, 1, 0, 1, 0, 4, 2, 0, 4, 3, 3, 4, 0, 0, 3, 0, 1, 3, 0, 1, 
3, 0, 0, 0, 0, 0, 0, 0, 0, 2, 4, 0, 3, 0, 4, 1, 2, 6, 2, 0, 5, 
4, 1, 4, 2, 4, 0, 5, 1, 2, 4, 3, 4, 1, 0, 1, 0, 1, 1, 3, 2, 1, 
1, 0, 3, 3, 0, 0, 3, 0, 1, 1, 0, 0, 2, 0, 0, 2, 0, 0, 1, 1, 0, 
0, 0, 0, 0, 0, 2, 3, 0, 2, 5, 0, 4, 0, 0, 0, 0, 0, 0, 1, 0, 3, 
1, 1, 0, 2, 2, 3, 1, 1, 1, 3, 0, 2, 0, 0, 1, 2, 5, 0, 2, 2, 0, 
0, 1, 0, 0, 0, 0, 2, 1, 1, 5, 0, 0, 1, 0, 0, 1, 0, 0, 0, 1, 1, 
0, 0, 1, 0, 0, 2, 1, 3, 0, 0, 0, 0, 0, 0, 1, 1, 0, 0, 0, 0, 0, 
1, 0, 0, 0, 2, 0, 3, 0, 1, 0, 2, 1, 0, 2, 0, 3, 1, 4, 0, 0, 0, 
0, 0, 3, 0, 0, 1, 0, 3, 1, 1, 0, 1)

,n=c(128, 129, 161, 132, 129, 128, 106, 141, 141, 101, 128, 120, 
112, 126, 125, 122, 102, 122, 130, 143, 158, 145, 123, 118, 124, 
126, 130, 156, 149, 152, 143, 133, 138, 130, 119, 140, 137, 121, 
131, 132, 128, 129, 159, 200, 183, 139, 150, 148, 171, 173, 151, 
164, 127, 139, 144, 128, 136, 120, 117, 112, 146, 145, 115, 140, 
135, 144, 123, 127, 124, 132, 119, 131, 120, 131, 126, 125, 115, 
121, 109, 128, 131, 131, 145, 128, 134, 134, 129, 131, 131, 136, 
131, 135, 128, 142, 131, 119, 126, 164, 121, 174, 145, 135, 127, 
118, 130, 131, 121, 141, 126, 131, 139, 129, 127, 137, 123, 125, 
125, 122, 130, 111, 149, 168, 136, 92, 132, 126, 135, 112, 131, 
121, 120, 138, 150, 139, 143, 143, 151, 100, 136, 119, 140, 120, 
96, 100, 121, 137, 114, 130, 129, 145, 131, 141, 128, 130, 124, 
141, 145, 134, 129, 129, 130, 122, 131, 120, 142, 137, 126, 126, 
118, 131, 117, 128, 120, 117, 107, 129, 133, 139, 115, 142, 122, 
122, 128, 126, 115, 118, 145, 146, 166, 108, 123, 135, 128, 127, 
140, 117, 139, 107, 120, 130, 115, 151, 108, 112, 138, 137, 95, 
127, 155, 109, 105, 145, 146, 123, 120, 141, 131, 134, 124, 110, 
134, 117, 126, 141, 149, 239, 134, 138, 143, 134, 115, 123, 110, 
103, 141, 128, 143, 121, 129, 147, 118, 105, 114, 146, 139, 135, 
122, 131, 136, 135, 132, 134, 132, 130, 113, 138, 120, 111, 158, 
131, 130, 126, 132, 106, 142, 147, 121, 124, 127, 117, 126, 135, 
137, 154, 153, 105, 143, 108, 116, 120, 108, 119, 111, 134, 123, 
148, 128, 118, 134, 143, 135, 129, 127, 104, 125, 135, 127, 128, 
111, 127, 130, 126, 128, 128, 136, 122, 124, 133, 124, 117, 123, 
126, 147, 110, 127, 127, 122, 132, 142, 124, 138, 137, 104, 116, 
120, 126, 118, 138, 114, 115, 116, 124, 117, 116, 118, 122, 124, 
133, 127, 129, 142, 115, 127, 127, 139, 151, 149, 146, 118, 130, 
140, 123, 108, 162, 114, 130, 142, 125, 129, 132, 124, 138, 116, 
134, 114, 125, 122, 127, 134, 130, 121, 122, 143, 138, 118, 107, 
139, 124, 102, 139, 106, 135, 121, 135, 136, 164, 105, 161, 129, 
147, 131, 120, 105, 98, 131, 125, 146, 148, 119, 91, 113, 150, 
199, 122, 109, 126, 139, 147, 114, 115, 147, 121, 133, 133, 123, 
78, 127, 127, 120, 120, 111, 125, 128, 124, 114, 133, 135, 131, 
129, 141, 133, 126, 152, 133, 128, 128, 139, 109, 121, 125, 132, 
124, 138, 123, 130, 140, 118, 120, 127, 121, 131, 136)

,x_own=c(46.4, 5.42635658914729, 54.320987654321, 64.6616541353383, 
30, 67.1875, 66.6666666666667, 21.1267605633803, 56.3380281690141, 
96, 53.5433070866142, 24.1666666666667, 91.8918918918919, 82.4, 
73.9837398373984, 37.3983739837398, 46.4646464646465, 67.7685950413223, 
82.4427480916031, 66.8965517241379, 97.4522292993631, 54.4827586206897, 
51.219512195122, 74.5762711864407, 58.0645161290323, 56.8, 39.2307692307692, 
66.6666666666667, 44.8979591836735, 60.2649006622517, 52.112676056338, 
37.3134328358209, 92.8057553956834, 41.5384615384615, 29.1666666666667, 
9.9290780141844, 94.8905109489051, 80.8333333333333, 43.5114503816794, 
64.6153846153846, 93.8461538461538, 55.7251908396947, 63.5220125786163, 
33.5, 55.1912568306011, 19.8581560283688, 68.9189189189189, 38.5135135135135, 
42.1052631578947, 25.4335260115607, 45.0980392156863, 53.0120481927711, 
80.9523809523809, 58.9928057553957, 43.0555555555556, 62.992125984252, 
61.7647058823529, 43.801652892562, 39.8305084745763, 65.2173913043478, 
69.3877551020408, 42.0689655172414, 65.7657657657658, 73.5714285714286, 
39.8550724637681, 34.8993288590604, 26.5151515151515, 37.5, 62.4, 
58.7786259541985, 16.8067226890756, 56.4885496183206, 43.5897435897436, 
12.9770992366412, 35.2, 16.5354330708661, 32.1739130434783, 52.4590163934426, 
69.1588785046729, 45.6692913385827, 14.1791044776119, 35.8778625954198, 
24.3055555555556, 61.4173228346457, 35.3383458646617, 24.6268656716418, 
68.2170542635659, 51.1450381679389, 50.7692307692308, 30.3703703703704, 
89.3129770992366, 44.6043165467626, 90.6976744186046, 61.9718309859155, 
45.0381679389313, 46.218487394958, 91.869918699187, 54.5454545454545, 
50, 32.183908045977, 82.7586206896552, 80.2919708029197, 62.2047244094488, 
42.3728813559322, 41.5384615384615, 43.2835820895522, 4.91803278688525, 
35.4609929078014, 30.4, 34.3511450381679, 63.3093525179856, 52.3076923076923, 
62.015503875969, 59.1240875912409, 60.655737704918, 27.2, 23.7704918032787, 
58.5365853658537, 73.6434108527132, 18.9189189189189, 30.8724832214765, 
36.3095238095238, 49.2537313432836, 61.9565217391304, 76.865671641791, 
77.9527559055118, 39.2592592592593, 71.1711711711712, 54.9618320610687, 
59.349593495935, 60, 64.4927536231884, 77.3333333333333, 69.8529411764706, 
63.8297872340426, 83.8028169014084, 71.2418300653595, 60.3448275862069, 
54.4776119402985, 30.5084745762712, 35.7142857142857, 80, 89.3617021276596, 
93, 52.0661157024793, 67.4074074074074, 72.5663716814159, 63.6363636363636, 
60.4651162790698, 70.1388888888889, 55.7251908396947, 34.965034965035, 
76.5625, 39.3939393939394, 49.1803278688525, 47.1428571428571, 
73.0496453900709, 50.7462686567164, 55.8139534883721, 54.1353383458647, 
31.5789473684211, 84.4262295081967, 12.4031007751938, 62.7118644067797, 
39.4366197183099, 85.6115107913669, 40.4761904761905, 54.7619047619048, 
70.3389830508475, 59.5419847328244, 87.1794871794872, 42.96875, 
58.6776859504132, 33.3333333333333, 32.3809523809524, 42.8571428571429, 
51.5151515151515, 91.970802919708, 45.3781512605042, 48.2517482517483, 
81.6666666666667, 69.2913385826772, 41.9847328244275, 87.5, 45.6896551724138, 
64.1025641025641, 28.3783783783784, 41.0958904109589, 6.02409638554217, 
87.962962962963, 76.4227642276423, 38.5714285714286, 33.8461538461538, 
40.9448818897638, 89.2857142857143, 50.8771929824561, 70.9219858156028, 
23.1481481481481, 57.9831932773109, 36.9230769230769, 60, 83.0065359477124, 
69.4444444444444, 93.859649122807, 27.2058823529412, 69.1729323308271, 
45.7446808510638, 44.53125, 50, 54.1284403669725, 40, 98.5915492957747, 
91.2162162162162, 89.4308943089431, 77.3109243697479, 85.8156028368794, 
70.9923664122137, 84.4444444444444, 88.8888888888889, 50.4587155963303, 
88.6363636363636, 81.1965811965812, 63.8461538461538, 41.3793103448276, 
25.503355704698, 15, 28.030303030303, 11.5942028985507, 62.9370629370629, 
98.5074626865672, 95.6140350877193, 96.7479674796748, 91.8918918918919, 
47.5247524752475, 80.8510638297872, 81.7460317460317, 87.5, 82.6446280991736, 
96.0629921259843, 83.6734693877551, 55.0847457627119, 88.6792452830189, 
59.349593495935, 43.1506849315069, 66.9064748201439, 63.768115942029, 
88.3333333333333, 77.6923076923077, 84.6715328467153, 91.1111111111111, 
87.8787878787879, 87.6811594202899, 90.4411764705882, 90, 83.7837837837838, 
71.9424460431655, 78.8617886178862, 44.5205479452055, 91.8238993710692, 
92.3076923076923, 56.1538461538462, 80.46875, 43.7037037037037, 
28.5714285714286, 63.3802816901408, 63.265306122449, 39.6694214876033, 
85.3658536585366, 22.65625, 49.5798319327731, 37.9032258064516, 
55.9701492537313, 45.2554744525547, 52.6315789473684, 89.4736842105263, 
89.4230769230769, 88.6524822695035, 80, 87.8260869565217, 40.3361344537815, 
87.2727272727273, 57.2649572649573, 29.6296296296296, 54.8872180451128, 
38.5245901639344, 66.6666666666667, 21.875, 18.1818181818182, 
74.4360902255639, 28.6713286713287, 37.7777777777778, 65.3846153846154, 
13.6, 45.2830188679245, 73.3870967741936, 23.7037037037037, 29.4573643410853, 
19.3798449612403, 67.5438596491228, 18.75, 25.7575757575758, 
26.4, 11.71875, 19.53125, 51.8248175182482, 22.5806451612903, 
83.0645161290323, 75.9124087591241, 77.4193548387097, 69.2307692307692, 
72.9508196721311, 50.3937007874016, 64.6258503401361, 66.3636363636364, 
46.875, 71.09375, 70.2479338842975, 88.6363636363636, 94.9640287769784, 
90.4, 63.3093525179856, 82.0143884892086, 17.3076923076923, 15.7894736842105, 
84.4262295081967, 89.6825396825397, 71.1864406779661, 91.304347826087, 
83.6206896551724, 35.8974358974359, 86.4406779661017, 82.1138211382114, 
70.0854700854701, 63.7931034482759, 81.6666666666667, 92.6829268292683, 
58.7301587301587, 91.2408759124088, 87.7862595419847, 74.8091603053435, 
75.5395683453237, 30.1724137931034, 79.3650793650794, 49.6124031007752, 
66.9064748201439, 73.5099337748344, 18.4210526315789, 80.8219178082192, 
89.1666666666667, 87.6923076923077, 93.6619718309859, 86.9918699186992, 
6.54205607476635, 7.40740740740741, 92.0353982300885, 77.6923076923077, 
55.2447552447552, 64, 83.59375, 90.9090909090909, 70.7317073170732, 
82.7338129496403, 66.0869565217391, 78.9473684210526, 85.0877192982456, 
79.2, 61.9834710743802, 47.65625, 93.9393939393939, 42.3076923076923, 
76.2295081967213, 58.6776859504132, 41.2587412587413, 49.2647058823529, 
71.1864406779661, 90.5660377358491, 58.9928057553957, 87.0967741935484, 
76.4705882352941, 85.6115107913669, 82.6923076923077, 82.962962962963, 
73.3333333333333, 89.7058823529412, 38.6861313868613, 70.1219512195122, 
22.8571428571429, 44.375, 46.1538461538462, 86.3945578231292, 
54.6153846153846, 43.3333333333333, 47.1153846153846, 93.8144329896907, 
94.7368421052632, 90.4, 95.3020134228188, 90.4761904761905, 71.4285714285714, 
91.2087912087912, 87.6106194690265, 76.3513513513514, 90.5, 90.1639344262295, 
96.2962962962963, 73.015873015873, 88.2352941176471, 88.1944444444444, 
95.6140350877193, 93.9655172413793, 85.0340136054422, 98.3333333333333, 
92.4812030075188, 80.7407407407407, 96.7479674796748, 24.0506329113924, 
85.4838709677419, 97.6377952755905, 97.5, 92.6229508196721, 92.9203539823009, 
97.6, 95.2380952380952, 92.6829268292683, 90.2654867256637, 83.4586466165414, 
90.3703703703704, 87.6923076923077, 96.1240310077519, 74.6478873239437, 
90.2255639097744, 60.4838709677419, 59.2105263157895, 90.2255639097744, 
91.1290322580645, 93.75, 87.9432624113475, 37.037037037037, 91.7355371900827, 
96.0629921259843, 59.5419847328244, 94.3089430894309, 93.4782608695652, 
92.741935483871, 82.3076923076923, 91.3669064748201, 95.7983193277311, 
62.1848739495798, 67.4603174603175, 90, 70.5426356589147, 46.4285714285714
)

,x_det=c(10.4, 7.75193798449612, 5.55555555555556, 39.8496240601504, 
11.5384615384615, 21.09375, 19.047619047619, 4.92957746478873, 
17.6056338028169, 100, 14.1732283464567, 15, 39.6396396396396, 
51.2, 30.0813008130081, 7.31707317073171, 6.06060606060606, 8.26446280991736, 
36.6412213740458, 16.551724137931, 100, 17.9310344827586, 10.5691056910569, 
17.7966101694915, 13.7096774193548, 6.4, 31.5384615384615, 32.6923076923077, 
48.2993197278912, 20.5298013245033, 16.1971830985916, 17.1641791044776, 
100, 33.0769230769231, 15.8333333333333, 7.80141843971631, 95.6204379562044, 
50, 6.87022900763359, 19.2307692307692, 90.7692307692308, 28.2442748091603, 
30.8176100628931, 19.5, 21.8579234972678, 2.12765957446809, 21.6216216216216, 
19.5945945945946, 24.5614035087719, 8.09248554913295, 19.6078431372549, 
41.566265060241, 69.8412698412698, 37.410071942446, 25.6944444444444, 
36.2204724409449, 40.4411764705882, 36.3636363636364, 38.135593220339, 
53.9130434782609, 87.7551020408163, 23.448275862069, 33.3333333333333, 
75.7142857142857, 34.7826086956522, 26.1744966442953, 31.0606060606061, 
89.0625, 92, 93.8931297709924, 33.6134453781513, 53.4351145038168, 
52.991452991453, 14.5038167938931, 52.8, 14.9606299212598, 36.5217391304348, 
81.1475409836066, 85.981308411215, 94.488188976378, 14.9253731343284, 
59.5419847328244, 20.1388888888889, 58.2677165354331, 21.8045112781955, 
28.3582089552239, 93.0232558139535, 78.6259541984733, 95.3846153846154, 
78.5185185185185, 93.1297709923664, 82.0143884892086, 97.6744186046512, 
63.3802816901408, 65.6488549618321, 63.0252100840336, 93.4959349593496, 
69.6969696969697, 63.9344262295082, 31.0344827586207, 66.8965517241379, 
97.8102189781022, 92.1259842519685, 25.4237288135593, 52.3076923076923, 
64.9253731343284, 56.5573770491803, 14.1843971631206, 63.2, 50.381679389313, 
31.6546762589928, 14.6153846153846, 20.1550387596899, 20.4379562043796, 
49.1803278688525, 35.2, 10.655737704918, 28.4552845528455, 64.3410852713178, 
8.10810810810811, 53.0201342281879, 13.6904761904762, 53.7313432835821, 
54.3478260869565, 81.3432835820896, 94.488188976378, 85.9259259259259, 
80.1801801801802, 29.0076335877863, 52.8455284552846, 50.8333333333333, 
34.7826086956522, 28.6666666666667, 44.1176470588235, 29.0780141843972, 
46.4788732394366, 33.3333333333333, 58.6206896551724, 17.910447761194, 
19.4915254237288, 23.5714285714286, 92.5, 100, 97, 22.3140495867769, 
17.037037037037, 69.0265486725664, 50, 25.5813953488372, 56.25, 
29.7709923664122, 18.8811188811189, 83.59375, 11.3636363636364, 
36.0655737704918, 17.8571428571429, 26.9503546099291, 44.7761194029851, 
28.6821705426357, 54.1353383458647, 84.2105263157895, 87.7049180327869, 
20.9302325581395, 77.1186440677966, 93.6619718309859, 84.8920863309353, 
75.3968253968254, 82.5396825396825, 85.5932203389831, 86.2595419847328, 
52.1367521367521, 43.75, 84.297520661157, 38.4615384615385, 18.0952380952381, 
93.2330827067669, 78.7878787878788, 100, 26.0504201680672, 8.39160839160839, 
69.1666666666667, 58.2677165354331, 12.9770992366412, 83.59375, 
56.0344827586207, 53.8461538461538, 6.08108108108108, 7.53424657534247, 
1.80722891566265, 97.2222222222222, 59.349593495935, 14.2857142857143, 
7.69230769230769, 22.0472440944882, 54.2857142857143, 18.4210526315789, 
62.4113475177305, 16.6666666666667, 36.1344537815126, 20, 52.1739130434783, 
83.6601307189542, 48.1481481481481, 97.3684210526316, 4.41176470588235, 
36.8421052631579, 44.6808510638298, 14.0625, 12.987012987013, 
11.0091743119266, 12.3809523809524, 97.887323943662, 97.972972972973, 
100, 60.5042016806723, 93.6170212765958, 62.5954198473283, 95.5555555555556, 
94.4444444444444, 6.42201834862385, 93.1818181818182, 75.2136752136752, 
63.0769230769231, 8.96551724137931, 6.71140939597315, 7.08333333333333, 
16.6666666666667, 18.8405797101449, 37.0629370629371, 100, 94.7368421052632, 
95.9349593495935, 97.2972972972973, 54.4554455445545, 82.2695035460993, 
69.8412698412698, 94.4444444444444, 80.9917355371901, 100, 88.4353741496599, 
13.5593220338983, 97.1698113207547, 43.9024390243902, 17.1232876712329, 
31.6546762589928, 47.1014492753623, 100, 87.6923076923077, 79.5620437956204, 
96.2962962962963, 81.0606060606061, 84.7826086956522, 95.5882352941177, 
97.6923076923077, 97.2972972972973, 59.7122302158273, 92.6829268292683, 
49.3150684931507, 94.3396226415094, 82.3076923076923, 53.0769230769231, 
71.875, 50.3703703703704, 12.5, 39.4366197183099, 39.4557823129252, 
57.0247933884297, 71.5447154471545, 7.8125, 18.4873949579832, 
16.1290322580645, 29.1044776119403, 9.48905109489051, 17.1052631578947, 
51.3157894736842, 86.5384615384615, 85.1063829787234, 55.4545454545455, 
97.3913043478261, 70.5882352941177, 68.1818181818182, 86.3247863247863, 
12.037037037037, 66.9172932330827, 62.2950819672131, 92, 21.875, 
20.6611570247934, 25.5639097744361, 53.1468531468531, 14.8148148148148, 
45.3846153846154, 15.2, 18.8679245283019, 76.6129032258064, 11.1111111111111, 
17.8294573643411, 6.2015503875969, 19.2982456140351, 16.40625, 
13.6363636363636, 7.2, 8.59375, 13.28125, 39.4160583941606, 51.6129032258064, 
97.5806451612903, 91.970802919708, 88.7096774193548, 49.5726495726496, 
46.7213114754098, 13.3858267716535, 22.4489795918367, 19.0909090909091, 
78.90625, 17.1875, 17.3553719008264, 88.6363636363636, 100, 46.4, 
22.3021582733813, 56.1151079136691, 23.0769230769231, 20.1754385964912, 
90.1639344262295, 95.2380952380952, 44.9152542372881, 100, 97.4137931034483, 
29.9145299145299, 92.3728813559322, 87.8048780487805, 77.7777777777778, 
68.1034482758621, 93.3333333333333, 95.1219512195122, 58.7301587301587, 
95.6204379562044, 93.1297709923664, 94.6564885496183, 66.1870503597122, 
7.75862068965517, 54.7619047619048, 20.9302325581395, 47.4820143884892, 
47.0198675496689, 23.6842105263158, 72.6027397260274, 77.5, 86.1538461538462, 
100, 91.869918699187, 50.4672897196262, 45.0617283950617, 97.3451327433628, 
94.6153846153846, 55.2447552447552, 89.6, 85.15625, 81.8181818181818, 
60.1626016260163, 92.0863309352518, 33.9130434782609, 23.3082706766917, 
10.5263157894737, 70.4, 84.297520661157, 94.53125, 95.4545454545455, 
86.9230769230769, 81.1475409836066, 93.3884297520661, 41.2587412587413, 
46.3235294117647, 84.7457627118644, 100, 38.8489208633094, 100, 
52.9411764705882, 81.294964028777, 89.4230769230769, 91.8518518518518, 
62.5, 97.7941176470588, 10.9489051094891, 30.4878048780488, 23.8095238095238, 
18.125, 22.3076923076923, 91.8367346938776, 63.8461538461538, 
11.6666666666667, 61.5384615384615, 100, 97.7443609022556, 94.4, 
95.9731543624161, 100, 75.6302521008403, 92.3076923076923, 96.4601769911504, 
27.027027027027, 93.5, 81.9672131147541, 100, 70.6349206349206, 
97.7941176470588, 25, 100, 97.4137931034483, 57.1428571428571, 
100, 93.2330827067669, 71.1111111111111, 100, 31.6455696202532, 
95.1612903225807, 100, 100, 97.5409836065574, 97.3451327433628, 
95.2, 100, 95.1219512195122, 93.8053097345133, 76.6917293233083, 
100, 92.3076923076923, 97.6744186046512, 68.3098591549296, 74.4360902255639, 
83.0645161290323, 34.8684210526316, 82.7067669172932, 100, 97.65625, 
69.5035460992908, 36.1111111111111, 67.7685950413223, 97.6377952755905, 
67.9389312977099, 88.6178861788618, 100, 94.3548387096774, 69.2307692307692, 
100, 97.4789915966387, 36.1344537815126, 46.8253968253968, 90, 
19.3798449612403, 23.5714285714286)

,x_ethnic=c(74.7333820306793, 85.4455862027522, 85.6743706597222, 83.0130661067381, 
76.955254942768, 88.642578125, 82.6118423093227, 80.6026002083253, 
76.3311722818578, 90.1465181660899, 56.9734242447338, 94.8088888888889, 
85.6768, 93.5305446281067, 90.5306081771296, 81.1125721382132, 
95.2490894901145, 93.978701444924, 83.5424518944654, 81.6604081632653, 
78.8626033057851, 86.4161346690708, 83.5850669706469, 81.0477069867652, 
93.6882148957093, 89.6459810568811, 85.2412533640907, 83.4417341298051, 
86.7700617283951, 85.8530612244898, 87.649139975159, 95.2490894901145, 
79.4465405462855, 81.2223175364577, 94.1522390240339, 80.1530058471342, 
78.3732931576328, 89.791760977818, 87.398891966759, 84.3321130138507, 
80.615234375, 65.4223006074858, 59.9249056218753, 48.0120456104252, 
76.5469692617064, 87.7301038062284, 48.8886569967651, 85.1851851851852, 
47.042982739992, 85.7399088903351, 97.1434572568788, 58.8687370890375, 
64.749483955714, 47.4666437573106, 47.8024201547312, 49.8910706201901, 
64.0623731839948, 44.2536506219578, 53.5274102079395, 63.6911839646679, 
47.9173209421567, 55.8857960457856, 71.3815181213018, 51.7160441140136, 
58.7388002032846, 82.6507568359375, 44.2428448674731, 85.4355555555556, 
94.8407202216067, 72.1817846222985, 77.5021487603306, 94.0137001768979, 
94.6331394257835, 92.535087290332, 91.9409722222222, 72.6512277582896, 
85.6228125352817, 96.8262226847034, 89.6493055555555, 93.3078438731469, 
79.7724972028345, 94.9347094946964, 87.1834855572882, 82.9368595041322, 
77.8004947015818, 72.733024691358, 87.2954167140538, 85.9331018952899, 
81.7078211168975, 87.7437955791735, 81.8190372238323, 83.8564289701938, 
74.184856783101, 70.3621715778778, 77.8474877190689, 82.1249513518463, 
89.161738073226, 84.1925005296236, 63.8114612188365, 79.0264770493699, 
82.4691328048173, 81.3106070314836, 85.3559389252429, 84.6887427968509, 
74.4703433922997, 79.7446808510638, 72.688137755102, 68.2326388888889, 
73.576377468196, 50.900011372918, 62.1045889953219, 69.6008625143191, 
52.3853200747195, 60.7067842890149, 69.4308577425461, 58.9628300853825, 
44.9092865176781, 87.5692520775623, 91.5138957704608, 52.0802469135802, 
82.4543349626962, 77.4712788789294, 80.4321329639889, 87.7269048444907, 
83.0114464099896, 84.6045918367347, 88.8211570247934, 84.9836230788612, 
87.9974048442907, 91.7415443056469, 83.9922539107691, 89.2256, 
91.160465997173, 97.6926221441657, 91.2988987508218, 81.3282223688482, 
85.967279473773, 94.163510804188, 93.273604683359, 87.2326388888889, 
78.9933698760129, 92.3444553592124, 86.9435583077917, 91.2547206557266, 
75.2478817378763, 93.0001111093475, 97.5004005768306, 78.0176145131544, 
92.1631704152249, 92.1745841769108, 85.2243077182055, 100, 89.3465502920712, 
92.5685830692621, 97.0303780207571, 83.0996664593815, 97.7189349112426, 
80.2099644612682, 62.6313337818954, 65.2028166638556, 93.313468638144, 
89.7813360881543, 93.1280276816609, 88.2925314424719, 91.9904875148633, 
90.1165989078077, 78.5266666666667, 73.2298223173465, 89.444588172819, 
88.2887395310371, 79.5368966697638, 86.5165432098765, 75.8763376932223, 
81.1945276725649, 76.9108329952249, 78.4646428839245, 95.6768506219056, 
92.4055021457619, 90.927762109256, 87.9493670886076, 94.3195646295295, 
86.0588553522033, 74.5608011087665, 96.1608196997808, 100, 92.0193807083983, 
87.9355555555555, 80.0966158034906, 86.0332409972299, 87.7409308980726, 
92.7375487056827, 90.4576798269335, 92.0020156210633, 85.8838568298028, 
87.8697711777001, 89.1914876784937, 90.3458311826419, 92.828179065744, 
88.3882038316554, 87.7788064977696, 88.6437858903228, 88.913543721236, 
91.5302931699497, 97.4607375854261, 76.2670770787654, 80.778799122955, 
95.0342813095866, 84.834547346514, 87.9147572504406, 92.6260585735752, 
82.7494801669815, 92.462962962963, 93.0834406845341, 100, 94.5473251028806, 
86.7429978454909, 97.8419834710744, 95.3547297297297, 90.9611593585167, 
87.4480106140338, 87.1011149557862, 91.5239440643799, 90.4323105577884, 
91.6336372043863, 91.0086087788288, 75.9652008310249, 80.9559221200649, 
82.6018322033021, 84.8752305318228, 85.3850037198427, 86.7572986454105, 
92.8369230769231, 90.4484492344322, 97.2978044661287, 87.8099797541415, 
86.3520735606432, 93.5683431178927, 93.6327908069546, 92.0628309632891, 
84.3301133691006, 81.6593462593123, 92.7834054255746, 55.3418367346939, 
80.6468630792955, 68.8941736028538, 65.6350478105592, 80.5989131691525, 
76.1859418282548, 63.906244779311, 80.8430362286502, 95.720703125, 
84.7810582113077, 79.9650909981729, 65.3140210924824, 54.8055369106268, 
83.1066558766457, 56.6124038281103, 71.148681640625, 72.5630218260893, 
78.8111817198486, 67.1142755428978, 77.1086442474577, 84.9804188799764, 
73.0147708622649, 52.8692589172737, 81.7291535391724, 94.4489795918367, 
91.4792387543253, 79.4069332249488, 92.41943359375, 80.6649519311857, 
92.4640998959417, 80.522023375327, 82.3168832324671, 81.9246354250132, 
91.9367283950617, 98.2249944308309, 97.3456132236723, 95.4644970414201, 
91.7997471915113, 87.8326249491506, 91.1153846153846, 95.6066153263477, 
89.7813682278465, 93.9907457484526, 94.043569176992, 91.5936516373361, 
93.8438438438438, 90.6508903358305, 94.3424902554771, 85.3760160520874, 
100, 88.8714049586777, 76.7892726307637, 77.0820205839109, 87.3242863321799, 
69.3039068006246, 75.6691494065231, 76.3671547298129, 81.1308342794088, 
68.2908362357162, 80.6157722348199, 74.4579370083057, 79.4291358024691, 
63.8539612097304, 63.9547306473518, 57.9179793239161, 56.6870126977055, 
45.8399392257894, 72.8370949074074, 77.4154020171552, 77.6967930029154, 
78.4487568975138, 83.600626449271, 81.5494992142982, 80.8531855955679, 
74.9059968034294, 91.795918367347, 96.5228287258203, 100, 96.1110630193906, 
87.4838957265426, 100, 94.3819967491587, 96.9119569396386, 100, 
93.5419499144774, 96.3477366255144, 80.7867172092913, 92.6238632913588, 
90.7190806225405, 88.8245640601521, 93.9019097222222, 94.4811863090968, 
94.4126984126984, 76.782713715606, 96.6896801913637, 94.4686536228446, 
84.6148917083173, 91.9277786424971, 96.1658500046815, 100, 94.9246446937087, 
90.1171802343605, 89.0134222059898, 95.9537436667292, 93.3613385546458, 
83.3871384297521, 86.86, 97.4580485917957, 84.7242429097901, 
84.4416124780795, 85.0208333333333, 84.3737605152705, 92.5067693271197, 
97.9023336538101, 83.544921875, 90.254962645535, 85.7493971974047, 
92.6302021403092, 79.35909160189, 92.5482994416077, 86.7324636295335, 
93.3133267292116, 90.0066127965678, 89.6258259588943, 83.2552130280632, 
93.283203125, 90.328967237503, 95.5904799592967, 85.0420760896951, 
100, 81.6169060216679, 95.6385345697268, 88.0859375, 79.6352438850177, 
87.3245984056748, 93.2209978366685, 89.0215284154678, 90.8161558171684, 
89.9005031375431, 98.2660286105279, 97.0156106519743, 88.4598648615364, 
86.3070277484692, 92.7238805970149, 92.4354865913307, 85.0595567867036, 
86.0805860805861, 87.0300695750844, 97.9096409442571, 93.8207333635129, 
96.2278106508876, 90.6396824047882, 81.2659434667217, 98.2197282082542, 
90.9563940655056, 95.6899981234753, 97.7361459122429, 91.9629761480954, 
93.0345190837733, 100, 95.8060376596119, 93.5006858710562, 100, 
85.2425423273314, 97.9454268986243, 100, 100, 92.5535608014283, 
92.6756900078281, 91.1286928709705, 85.9108793231902, 97.8104873299656, 
100, 92.6577705261931, 92.6064209274673, 97.9800083298626, 97.53125, 
97.8573942055807, 100, 96.2278106508876, 92.2649860376817, 93.439484707896, 
95.7315702479339, 88.6307442625451, 72.8681656804734, 95.8271423041866, 
81.7811812815864, 88.429506246282, 79.3171496539792, 85.1534599658403, 
52.0526293305993, 79.8436790178103, 82.0066180844735, 88.301282051282, 
77.7839414858646, 69.1137482641081, 94.7049089906233, 86.9444975043394, 
78.2177275431291, 89.2752877484592, 74.407205854757, 72.0150247748948, 
63.3056479903327, 78.9925252999887, 84.5445375202842, 62.1708791431701, 
45.0900037455659, 76.9146796897443, 44.5361552028219, 45.5108024691358
)
)